4 0
528005 562991
202299 862624
65954 431983
820798 869954
4 0
422364 761696
952672 954943
994775 998813
637936 776903
2 0
587791 884830
63208 439380
1 1
668363 691124
359157 540314 687586
1 1
281785 639064
828058 986855 187203
4 1
519777 680468
631096 980779
108713 416252
897669 977731
80016 878096 701047
2 0
17386 775089
933557 986346
3 1
891373 950705
396770 767834
362274 421329
539949 773640 483065
0 1
5353 319104 794949
3 0
667635 944985
537088 731685
267681 755971
1 1
387240 467092
913229 943522 903536
4 1
697707 715988
169375 273086
876921 904624
494259 838971
129740 237981 182783
4 1
801945 976027
769114 859335
311657 977040
164955 272411
47500 271385 689504
3 0
28778 520234
578048 697771
347932 818451
2 1
351315 513589
693110 699547
290645 925945 343885
1 0
875818 973411
2 0
429749 433071
355564 606701
4 1
554720 996941
566416 921354
906204 990251
548191 612692
900429 950176 260677
3 0
435458 534999
682584 736683
368460 535842
1 0
76724 737846
0 0